莘庄 121.385373 31.111152 1
外环路 121.393020 31.120899 1
莲花路 121.402910 31.130900 1
锦江乐园 121.414107 31.142217 1
上海南站 121.430041 31.154579 1
漕宝路 121.433143 31.168344 1
上海体育馆 121.437423 31.182813 1
徐家汇 121.436837 31.195338 1
衡山路 121.446424 31.204528 1
常熟路 121.449141 31.213524 1
陕西南路 121.458744 31.215150 1
一大会址・黄陂南路 121.473306 31.222745 1
人民广场 121.475137 31.232781 1
新闸路 121.468151 31.238373 1
汉中路 121.458699 31.241883 1
上海火车站 121.457939 31.249632 1
中山北路 121.459204 31.258891 1
延长路 121.455329 31.271675 1
上海马戏城 121.452023 31.279895 1
汶水路 121.450251 31.292556 1
彭浦新村 121.448642 31.306604 1
共康路 121.447063 31.318936 1
通河新村 121.441546 31.331130 1
呼兰路 121.437711 31.339703 1
共富新村 121.434063 31.355082 1
宝安公路 121.430914 31.369555 1
友谊西路 121.427953 31.381296 1
富锦路 121.424661 31.392260 1
浦东国际机场 121.805591 31.150958 2
海天三路 121.796878 31.168459 2
远东大道 121.755301 31.199385 2
凌空路 121.724095 31.192861 2
川沙 121.698210 31.186741 2
华夏东路 121.680972 31.196575 2
创新中路 121.673713 31.213871 2
唐镇 121.656269 31.214107 2
广兰路 121.621072 31.211050 2
金科路 121.601989 31.204213 2
张江高科 121.587687 31.201832 2
龙阳路 121.557634 31.203575 2
世纪公园 121.550909 31.209421 2
上海科技馆 121.544439 31.218820 2
世纪大道 121.527213 31.228682 2
东昌路 121.515556 31.233270 2
陆家嘴 121.502262 31.238195 2
南京东路 121.484628 31.238101 2
人民广场 121.475137 31.232781 2
南京西路 121.459971 31.229853 2
静安寺 121.446221 31.223083 2
江苏路 121.430642 31.220411 2
中山公园 121.415773 31.217948 2
娄山关路 121.404058 31.211158 2
威宁路 121.387285 31.214870 2
北新泾 121.373998 31.216395 2
淞虹路 121.359588 31.218212 2
虹桥2号航站楼 121.326300 31.194211 2
虹桥火车站 121.318950 31.194022 2
徐泾东 121.299204 31.188367 2
江杨北路 121.439819 31.407858 3
铁力路 121.461139 31.408120 3
友谊路 121.475924 31.404016 3
宝杨路 121.479574 31.395315 3
水产路 121.488247 31.381302 3
淞滨路 121.492818 31.370928 3
张华浜 121.498671 31.358016 3
淞发路 121.500390 31.345135 3
长江南路 121.491482 31.332062 3
殷高西路 121.484856 31.320005 3
江湾镇 121.485064 31.305566 3
大柏树 121.483216 31.289433 3
赤峰路 121.482429 31.281247 3
虹口足球场 121.479154 31.271392 3
东宝兴路 121.480202 31.259886 3
宝山路 121.476298 31.251523 3
上海火车站 121.457939 31.249632 3
中潭路 121.441001 31.254568 3
镇坪路 121.429779 31.246369 3
曹杨路 121.417701 31.239302 3
金沙江路 121.413150 31.232004 3
中山公园 121.415773 31.217948 3
延安西路 121.417062 31.209616 3
虹桥路 121.420814 31.197524 3
宜山路 121.427194 31.186717 3
漕溪路 121.438410 31.176746 3
龙漕路 121.444383 31.169458 3
石龙路 121.443205 31.157949 3
上海南站 121.430041 31.154579 3
宜山路 121.427194 31.186717 4
虹桥路 121.420814 31.197524 4
延安西路 121.417062 31.209616 4
中山公园 121.415773 31.217948 4
金沙江路 121.413150 31.232004 4
曹杨路 121.417701 31.239302 4
镇坪路 121.429779 31.246369 4
中潭路 121.441001 31.254568 4
上海火车站 121.457939 31.249632 4
宝山路 121.476298 31.251523 4
海伦路 121.488697 31.259303 4
临平路 121.500696 31.260874 4
大连路 121.513088 31.257938 4
杨树浦路 121.517210 31.251935 4
浦东大道 121.519385 31.239974 4
世纪大道 121.527213 31.228682 4
浦电路(4号线) 121.532080 31.222285 4
蓝村路 121.527627 31.211672 4
塘桥 121.518690 31.209762 4
南浦大桥 121.499725 31.208504 4
西藏南路 121.489555 31.201967 4
鲁班路 121.475148 31.199221 4
大木桥路 121.463278 31.194057 4
东安路 121.454897 31.190819 4
上海体育场 121.443529 31.185605 4
上海体育馆 121.437423 31.182813 4
闵行开发区 121.369712 31.000627 5
文井路 121.380775 31.003597 5
华宁路 121.395255 31.007467 5
金平路 121.410186 31.011282 5
东川路 121.419901 31.018197 5
剑川路 121.416582 31.026483 5
北桥 121.410054 31.045112 5
颛桥 121.401868 31.067013 5
银都路 121.390264 31.089345 5
春申路 121.385818 31.098250 5
莘庄 121.385373 31.111152 5
莘庄 121.385373 31.111152 6
春申路 121.385818 31.098250 6
银都路 121.390264 31.089345 6
颛桥 121.401868 31.067013 6
北桥 121.410054 31.045112 6
剑川路 121.416582 31.026483 6
东川路 121.419901 31.018197 6
江川路 121.423474 31.005428 6
西渡 121.432441 30.989350 6
萧塘 121.441857 30.965888 6
奉浦大道 121.448984 30.942055 6
环城东路 121.463204 30.931168 6
望园路 121.483580 30.931940 6
金海湖 121.492506 30.928805 6
奉贤新城 121.496290 30.913916 6
东方体育中心 121.480304 31.153366 7
灵岩南路 121.495295 31.148665 7
上南路 121.506151 31.149030 7
华夏西路 121.514539 31.149878 7
高青路 121.515787 31.159907 7
东明路 121.510868 31.172646 7
高科西路 121.509845 31.185761 7
临沂新村 121.516695 31.193202 7
上海儿童医学中心 121.523482 31.203277 7
蓝村路 121.527627 31.211672 7
浦电路(6号线) 121.529122 31.220104 7
世纪大道 121.527213 31.228682 7
源深体育中心 121.534642 31.233004 7
民生路 121.543527 31.235851 7
北洋泾路 121.552314 31.239145 7
德平路 121.564237 31.245400 7
云山路 121.572775 31.250413 7
金桥路 121.581817 31.257084 7
博兴路 121.586689 31.263520 7
五莲路 121.587866 31.272025 7
巨峰路 121.588365 31.280684 7
东靖路 121.588736 31.290684 7
五洲大道 121.589212 31.302569 7
洲海路 121.589396 31.312229 7
外高桥保税区南 121.601963 31.321578 7
航津路 121.593974 31.335371 7
外高桥保税区北 121.586926 31.347802 7
港城路 121.574752 31.353005 7
花木路 121.562754 31.211212 8
龙阳路 121.557634 31.203575 8
芳华路 121.550115 31.193110 8
锦绣路 121.540041 31.187592 8
杨高南路 121.525087 31.187566 8
高科西路 121.509845 31.185761 8
云台路 121.500439 31.182212 8
耀华路 121.494612 31.178513 8
长清路 121.487775 31.174452 8
后滩 121.473756 31.171918 8
龙华中路 121.457054 31.183843 8
东安路 121.454897 31.190819 8
肇嘉浜路 121.450212 31.199436 8
常熟路 121.449141 31.213524 8
静安寺 121.446221 31.223083 8
昌平路 121.442617 31.233749 8
长寿路 121.438272 31.240860 8
镇坪路 121.429779 31.246369 8
岚皋路 121.421939 31.256198 8
新村路 121.422682 31.263952 8
大华三路 121.422949 31.274047 8
行知路 121.421493 31.284942 8
大场镇 121.416548 31.293320 8
场中路 121.413661 31.303685 8
上大路 121.408580 31.315071 8
南陈路 121.398863 31.321437 8
上海大学 121.388884 31.320586 8
祁华路 121.373569 31.322315 8
顾村公园 121.373009 31.344594 8
刘行 121.362376 31.357586 8
潘广路 121.355845 31.364182 8
罗南新村 121.357470 31.388831 8
美兰湖 121.349966 31.401949 8
沈杜公路 121.512272 31.061427 9
联航路 121.510594 31.073567 9
江月路 121.508603 31.084253 9
浦江镇 121.506272 31.096590 9
芦恒路 121.497842 31.119015 9
凌兆新村 121.489663 31.141301 9
东方体育中心 121.480304 31.153366 9
杨思 121.493443 31.161054 9
成山路 121.496220 31.170735 9
耀华路 121.494612 31.178513 9
中华艺术宫 121.493626 31.185242 9
西藏南路 121.489555 31.201967 9
陆家浜路 121.486115 31.211789 9
老西门 121.483793 31.219014 9
大世界 121.479326 31.227182 9
人民广场 121.475137 31.232781 9
曲阜路 121.471543 31.242307 9
中兴路 121.469026 31.253228 9
西藏北路 121.468769 31.263505 9
虹口足球场 121.479154 31.271392 9
曲阳路 121.491138 31.276524 9
四平路 121.501488 31.274880 9
鞍山新村 121.509685 31.273242 9
江浦路 121.518379 31.274946 9
黄兴路 121.528401 31.278814 9
延吉中路 121.534941 31.288543 9
黄兴公园 121.533383 31.295389 9
翔殷路 121.531974 31.305002 9
嫩江路 121.531954 31.314804 9
市光路 121.531933 31.322724 9
曹路 121.683046 31.271272 10
民雷路 121.668125 31.268335 10
顾唐路 121.656465 31.266074 10
金海路 121.638629 31.263141 10
金吉路 121.628479 31.264309 10
金桥 121.611336 31.260850 10
台儿庄路 121.597458 31.252825 10
蓝天路 121.577978 31.241017 10
芳甸路 121.558431 31.231845 10
杨高中路 121.548664 31.227510 10
世纪大道 121.527213 31.228682 10
商城路 121.516275 31.230258 10
小南门 121.498398 31.216866 10
陆家浜路 121.486115 31.211789 10
马当路 121.477256 31.209520 10
打浦桥 121.468681 31.206309 10
嘉善路 121.460704 31.202820 10
肇嘉浜路 121.450212 31.199436 10
徐家汇 121.436837 31.195338 10
宜山路 121.427194 31.186717 10
桂林路 121.418064 31.174791 10
漕河泾开发区 121.397769 31.170644 10
合川路 121.384772 31.166542 10
星中路 121.368903 31.158109 10
七宝 121.349221 31.155287 10
中春路 121.337700 31.149415 10
九亭 121.319423 31.137252 10
泗泾 121.260247 31.118272 10
佘山 121.229686 31.104097 10
洞泾 121.230473 31.084492 10
松江大学城 121.232577 31.053984 10
松江新城 121.230739 31.030295 10
松江体育中心 121.230504 31.016038 10
醉白池 121.229361 31.001125 10
松江南站 121.230884 30.984818 10
基隆路 121.590411 31.351311 11
港城路 121.574752 31.353005 11
高桥 121.562971 31.352622 11
高桥西 121.549280 31.351489 11
双江路 121.539425 31.353601 11
国帆路 121.513238 31.339761 11
新江湾城 121.506951 31.328496 11
殷高东路 121.506797 31.321768 11
三门路 121.508340 31.313214 11
江湾体育场 121.513314 31.304293 11
五角场 121.514632 31.298043 11
国权路 121.510024 31.289276 11
同济大学 121.506357 31.282086 11
四平路 121.501488 31.274880 11
邮电新村 121.494362 31.268533 11
海伦路 121.488697 31.259303 11
四川北路 121.484208 31.252035 11
天潼路 121.482473 31.243829 11
南京东路 121.484628 31.238101 11
豫园 121.487473 31.227801 11
老西门 121.483793 31.219014 11
一大会址・新天地 121.475182 31.216367 11
陕西南路 121.458744 31.215150 11
上海图书馆 121.444363 31.207960 11
交通大学 121.435253 31.202213 11
虹桥路 121.420814 31.197524 11
宋园路 121.412080 31.196540 11
伊犁路 121.403899 31.198880 11
水城路 121.392259 31.199482 11
龙溪路 121.380034 31.194400 11
龙柏新村 121.370480 31.176882 11
紫藤路 121.364831 31.169674 11
航中路 121.355336 31.165417 11
基隆路 121.590411 31.351311 12
港城路 121.574752 31.353005 12
高桥 121.562971 31.352622 12
高桥西 121.549280 31.351489 12
双江路 121.539425 31.353601 12
国帆路 121.513238 31.339761 12
新江湾城 121.506951 31.328496 12
殷高东路 121.506797 31.321768 12
三门路 121.508340 31.313214 12
江湾体育场 121.513314 31.304293 12
五角场 121.514632 31.298043 12
国权路 121.510024 31.289276 12
同济大学 121.506357 31.282086 12
四平路 121.501488 31.274880 12
邮电新村 121.494362 31.268533 12
海伦路 121.488697 31.259303 12
四川北路 121.484208 31.252035 12
天潼路 121.482473 31.243829 12
南京东路 121.484628 31.238101 12
豫园 121.487473 31.227801 12
老西门 121.483793 31.219014 12
一大会址・新天地 121.475182 31.216367 12
陕西南路 121.458744 31.215150 12
上海图书馆 121.444363 31.207960 12
交通大学 121.435253 31.202213 12
虹桥路 121.420814 31.197524 12
宋园路 121.412080 31.196540 12
伊犁路 121.403899 31.198880 12
水城路 121.392259 31.199482 12
龙溪路 121.380034 31.194400 12
上海动物园 121.368137 31.190246 12
虹桥1号航站楼 121.347371 31.191363 12
虹桥2号航站楼 121.326300 31.194211 12
虹桥火车站 121.318950 31.194022 12
嘉定北 121.237350 31.391549 13
嘉定西 121.227855 31.377107 13
白银路 121.245350 31.345359 13
嘉定新城 121.254294 31.330062 13
马陆 121.276906 31.319675 13
陈翔公路 121.306723 31.306573 13
南翔 121.323141 31.296952 13
桃浦新村 121.349623 31.281603 13
武威路 121.364678 31.276646 13
祁连山路 121.376035 31.271650 13
李子园 121.389969 31.269020 13
上海西站 121.400926 31.262693 13
真如 121.407219 31.250767 13
枫桥路 121.411402 31.241850 13
曹杨路 121.417701 31.239302 13
隆德路 121.423576 31.230509 13
江苏路 121.430642 31.220411 13
交通大学 121.435253 31.202213 13
徐家汇 121.436837 31.195338 13
上海游泳馆 121.441424 31.179123 13
龙华 121.452958 31.172672 13
云锦路 121.458519 31.166488 13
龙耀路 121.459702 31.159720 13
东方体育中心 121.480304 31.153366 13
三林 121.511594 31.143172 13
三林东 121.522999 31.146459 13
浦三路 121.539005 31.150861 13
御桥 121.570914 31.158131 13
罗山路 121.593152 31.153259 13
秀沿路 121.598390 31.138128 13
康新公路 121.617199 31.130439 13
迪士尼 121.667959 31.141263 13
迪士尼 121.667959 31.141263 14
康新公路 121.617199 31.130439 14
秀沿路 121.598390 31.138128 14
罗山路 121.593152 31.153259 14
御桥 121.570914 31.158131 14
浦三路 121.539005 31.150861 14
三林东 121.522999 31.146459 14
三林 121.511594 31.143172 14
东方体育中心 121.480304 31.153366 14
龙耀路 121.459702 31.159720 14
云锦路 121.458519 31.166488 14
龙华 121.452958 31.172672 14
上海游泳馆 121.441424 31.179123 14
徐家汇 121.436837 31.195338 14
交通大学 121.435253 31.202213 14
江苏路 121.430642 31.220411 14
隆德路 121.423576 31.230509 14
曹杨路 121.417701 31.239302 14
枫桥路 121.411402 31.241850 14
真如 121.407219 31.250767 14
上海西站 121.400926 31.262693 14
李子园 121.389969 31.269020 14
祁连山路 121.376035 31.271650 14
武威路 121.364678 31.276646 14
桃浦新村 121.349623 31.281603 14
南翔 121.323141 31.296952 14
陈翔公路 121.306723 31.306573 14
马陆 121.276906 31.319675 14
嘉定新城 121.254294 31.330062 14
上海赛车场 121.226098 31.331898 14
昌吉东路 121.200384 31.293620 14
上海汽车城 121.180742 31.285403 14
安亭 121.161985 31.288490 14
兆丰路 121.150315 31.289048 14
光明路 121.117186 31.296210 14
花桥 121.104407 31.298790 14
七莘路 121.362464 31.131638 15
虹莘路 121.380348 31.137448 15
顾戴路 121.391856 31.140890 15
东兰路 121.391915 31.155823 15
虹梅路 121.397250 31.160350 15
虹漕路 121.410553 31.164033 15
桂林公园 121.419654 31.166986 15
漕宝路 121.433143 31.168344 15
龙漕路 121.444383 31.169458 15
龙华 121.452958 31.172672 15
龙华中路 121.457054 31.183843 15
大木桥路 121.463278 31.194057 15
嘉善路 121.460704 31.202820 15
陕西南路 121.458744 31.215150 15
南京西路 121.459971 31.229853 15
汉中路 121.458699 31.241883 15
曲阜路 121.471543 31.242307 15
天潼路 121.482473 31.243829 15
国际客运中心 121.498158 31.250160 15
提篮桥 121.506801 31.253518 15
大连路 121.513088 31.257938 15
江浦公园 121.523697 31.264570 15
宁国路 121.532352 31.268574 15
隆昌路 121.544692 31.275213 15
爱国路 121.552655 31.279788 15
复兴岛 121.561315 31.280779 15
东陆路 121.579124 31.282533 15
巨峰路 121.588365 31.280684 15
杨高北路 121.602960 31.280092 15
金京路 121.615477 31.279823 15
申江路 121.626863 31.280231 15
金海路 121.638629 31.263141 15
金运路 121.319308 31.240986 16
金沙江西路 121.335156 31.241152 16
丰庄 121.355141 31.242553 16
祁连山南路 121.367275 31.237625 16
真北路 121.381946 31.232243 16
大渡河路 121.394431 31.231752 16
金沙江路 121.413150 31.232004 16
隆德路 121.423576 31.230509 16
武宁路 121.430504 31.234346 16
长寿路 121.438272 31.240860 16
江宁路 121.444830 31.244282 16
汉中路 121.458699 31.241883 16
自然博物馆 121.462366 31.236451 16
南京西路 121.459971 31.229853 16
淮海中路 121.464514 31.220280 16
一大会址・新天地 121.475182 31.216367 16
马当路 121.477256 31.209520 16
世博会博物馆 121.481592 31.197572 16
世博大道 121.484313 31.182789 16
长清路 121.487775 31.174452 16
成山路 121.496220 31.170735 16
东明路 121.510868 31.172646 16
华鹏路 121.526567 31.176276 16
下南路 121.540189 31.179295 16
北蔡 121.552017 31.180131 16
陈春路 121.557708 31.174756 16
莲溪路 121.566414 31.169110 16
华夏中路 121.583109 31.175759 16
中科路 121.602465 31.178862 16
学林路 121.614363 31.183476 16
张江路 121.629182 31.189130 16
顾村公园 121.373009 31.344594 17
锦秋路 121.381765 31.320184 17
丰翔路 121.380872 31.308218 17
南大路 121.380097 31.299117 17
祁安路 121.38488 31.291527 17
古浪路 121.392261 31.284858 17
武威东路 121.391307 31.275685 17
上海西站 121.400926 31.262693 17
铜川路 121.397078 31.250743 17
梅岭北路 121.39697 31.242948 17
大渡河路 121.394431 31.231752 17
长风公园 121.396178 31.226257 17
娄山关路 121.404058 31.211158 17
红宝石路 121.398344 31.198685 17
姚虹路 121.406699 31.191535 17
吴中路 121.413457 31.186765 17
桂林路 121.418064 31.174791 17
桂林公园 121.419654 31.166986 17
上海南站 121.430041 31.154579 17
华东理工大学 121.429092 31.142709 17
罗秀路 121.435806 31.131552 17
朱梅路 121.437804 31.124364 17
华泾西 121.440138 31.113429 17
虹梅南路 121.432964 31.103976 17
景西路 121.41876 31.099727 17
曙建路 121.417897 31.090625 17
双柏路 121.42175 31.083214 17
元江路 121.431901 31.062815 17
永德路 121.443203 31.039147 17
紫竹高新区 121.451012 31.023661 17
龙阳路 121.557634 31.203575 18
华夏中路 121.583109 31.175759 18
罗山路 121.593152 31.153259 18
周浦东 121.606895 31.110038 18
鹤沙航城 121.611239 31.077797 18
航头东 121.617494 31.054919 18
新场 121.648980 31.045561 18
野生动物园 121.699218 31.050325 18
惠南 121.761677 31.053828 18
惠南东 121.793800 31.026448 18
书院 121.850520 30.959264 18
临港大道 121.910851 30.923519 18
滴水湖 121.929583 30.907245 18
虹桥火车站 121.318950 31.194022 19
诸光路 121.293040 31.191678 19
蟠龙路 121.278645 31.186328 19
徐盈路 121.253976 31.178101 19
徐泾北城 121.241668 31.175518 19
嘉松中路 121.223916 31.164099 19
赵巷 121.192279 31.161247 19
汇金路 121.151665 31.161221 19
青浦新城 121.125670 31.158925 19
漕盈路 121.096889 31.160467 19
淀山湖大道 121.082134 31.134460 19
朱家角 121.048989 31.100594 19
东方绿舟 121.019534 31.098544 19
御桥 121.570914 31.158131 20
康桥 121.567342 31.134504 20
周浦 121.567589 31.113461 20
繁荣路 121.570547 31.102554 20
沈梅路 121.580094 31.091457 20
鹤涛路 121.58596 31.07186 20
下沙 121.588988 31.054396 20
航头 121.596083 31.037305 20
浦东国际机场 121.805591 31.150958 21
龙阳路 121.557634 31.203575 21
沈杜公路 121.512272 31.061427 22
三鲁公路 121.527389 31.056108 22
闵瑞路 121.530323 31.047956 22
浦航路 121.530591 31.040993 22
东城一路 121.532093 31.030390 22
汇臻路 121.524558 31.025245 22
